# 139150_hh3.mod

## SUFFIX

hh3

## GMAX_NAME

gnabar_hh3

## G_VALS

- **gkbar2_hh3**: 0.0
- **gkbar_hh3**: 0.0
- **gnabar_hh3**: 0.2

## I_VALS

- **37**: 0.0005049892309911265
- **6.3**: 0.0005049892309911265

## STATES

- s
- n2
- h
- m

## GATES

- **s**: 1
- **n2**: 1
- **h**: 1
- **m**: 1

## ERROR_FLAGS


## RATES

- True

## Q10_TAU

1.0

## Q10_G

1.0

## RATE_VALS

![s Plot](/Users/pbozelos/Dropbox/icg-Chai-Panos/supermodels/output_markdown_files/Na/139150_hh3.mod/images/s.png)
![n2 Plot](/Users/pbozelos/Dropbox/icg-Chai-Panos/supermodels/output_markdown_files/Na/139150_hh3.mod/images/n2.png)
![h Plot](/Users/pbozelos/Dropbox/icg-Chai-Panos/supermodels/output_markdown_files/Na/139150_hh3.mod/images/h.png)
![m Plot](/Users/pbozelos/Dropbox/icg-Chai-Panos/supermodels/output_markdown_files/Na/139150_hh3.mod/images/m.png)

## SM1_FIT

- True

## RATE_VALS_V

## SM2_FIT

- True

## SM3_FIT

- True

## SM4_FIT

- True

## SM5_FIT

- True

## s State Parameters

| Type | a | b | c | d |
| --- | --- | --- | --- | --- |
| Sigmoid | -0.3333040409506751 | 14.665507354385413 |
| Non-Sigmoid | -0.3333357411087822 | 14.666780172444232 | 0.999959108833785 | 1.1363500597416635e-07 |

## n2 State Parameters

| Type | a | b | c | d |
| --- | --- | --- | --- | --- |
| Sigmoid | 0.3333319181552768 | -13.333289722996268 |
| Non-Sigmoid | 0.33333365242054896 | -13.333367084626754 | 0.9999977630552039 | -2.1333726998314722e-07 |

## h State Parameters

| Type | a | b | c | d |
| --- | --- | --- | --- | --- |
| Sigmoid | -0.33333587902526435 | 15.000118846316342 |
| Non-Sigmoid | -0.3333360451241285 | 15.000126320307954 | 0.9999997855598978 | 1.0700726215871256e-07 |

## m State Parameters

| Type | a | b | c | d |
| --- | --- | --- | --- | --- |
| Sigmoid | 0.33333196959583067 | -13.333291750530707 |
| Non-Sigmoid | 0.3333317453134546 | -13.333283984679952 | 1.0000002892875322 | -3.4556101635362324e-07 |

## s State Errors

| Type | Error 1 | Error 2 | Error 3 |
| --- | --- | --- | --- |
| Sigmoid | 4.6600459966677276e-05 | 1.658985536754143e-09 | 3.624750489469404e-05 |
| Non-Sigmoid | 1.2818868315527258e-06 | 1.469841969280533e-10 | 9.970974371149395e-07 |

## n2 State Errors

| Type | Error 1 | Error 2 | Error 3 |
| --- | --- | --- | --- |
| Sigmoid | 4.646226370062004e-06 | 1.533699908668471e-10 | 2.840452605756224e-06 |
| Non-Sigmoid | 2.7159516352895814e-06 | 1.5147969409659812e-10 | 1.6603865772177645e-06 |

## h State Errors

| Type | Error 1 | Error 2 | Error 3 |
| --- | --- | --- | --- |
| Sigmoid | 1.2385103031917861e-06 | 3.940591204172342e-10 | 9.703946508555976e-07 |
| Non-Sigmoid | 1.2207838926967588e-06 | 3.9468118585185467e-10 | 9.56505695811046e-07 |

## m State Errors

| Type | Error 1 | Error 2 | Error 3 |
| --- | --- | --- | --- |
| Sigmoid | 1.6409671991940103e-06 | 1.4807695599284605e-10 | 1.0031991383687196e-06 |
| Non-Sigmoid | 1.5848867870605333e-06 | 1.477272550056002e-10 | 9.68914588891253e-07 |

## s Tau Data

| Type | Vh | A | b1 | b2 | c1 | c2 | d1 | d2 | e1 | e2 |
| --- | --- | --- | --- | --- | --- | --- | --- | --- | --- | --- |
| tau 1 | -29.97079023996174 | 50.53193218944728 | -0.973821191460213 | -1.1316007902873493e-05 |
| tau 2 | -29.978199615744362 | 50.50436429762735 | -0.9747879676496467 | 0.007228325225868253 | 7.595161058578592e-07 | -2.7222432385542692e-08 |
| tau 3 | -29.98159108167531 | 50.378872599112334 | -0.9793764201640386 | 0.015591644417885782 | -6.410240324080945e-05 | 0.0002301221185249107 | 5.989301537494181e-06 | 4.685559815654837e-08 |
| tau 4 | -29.98024186963933 | 49.98268767588285 | -0.9938310963108701 | 0.03241149736532508 | -0.0003723381748301968 | 1.4241501256437271e-06 | 0.0013269860607962524 | 5.4901392806834384e-05 | 9.144805414058268e-07 | 5.290624128724884e-09 |

## n2 Tau Data

| Type | Vh | A | b1 | b2 | c1 | c2 | d1 | d2 | e1 | e2 |
| --- | --- | --- | --- | --- | --- | --- | --- | --- | --- | --- |
| tau 1 | -67.03614606116811 | 20.013874937051913 | 1.5260786104682506e-06 | -1.923928742374168e-06 |
| tau 2 | -385.4315504355117 | 21.543737993330677 | -0.000917777463756119 | -5.430583806943354e-09 | 0.00018278021311645854 | -2.6195200819825734e-06 |
| tau 3 | -385.4515847629736 | 21.54376808382666 | -0.0009177770619588605 | -5.438836652287572e-09 | 1.3630620975043795e-13 | 0.00018277119332535635 | -2.619525329133898e-06 | 3.870024697192811e-13 |
| tau 4 | -385.4515847629736 | 21.54376808382666 | -0.0009177770619588605 | -5.438836652287572e-09 | 1.3630620975043795e-13 | 0.0 | 0.00018277119332535635 | -2.619525329133898e-06 | 3.870024697192811e-13 | 0.0 |

## h Tau Data

| Type | Vh | A | b1 | b2 | c1 | c2 | d1 | d2 | e1 | e2 |
| --- | --- | --- | --- | --- | --- | --- | --- | --- | --- | --- |
| tau 1 | -100.00509343308501 | 1.0124844379340499 | 2.813754215326595e-05 | -2.795773382584509e-05 |
| tau 2 | -119.70366824373609 | 1.0487047995723047 | -0.0009832348633298223 | 1.843615323334582e-05 | 0.000987608237305983 | 4.679925694662955e-06 |
| tau 3 | -740.8147839373005 | 0.10243184755680655 | 2.788735002039272 | -0.007858391555510668 | 5.5508965939669376e-06 | -0.006458606262842477 | 8.615650899182241e-06 | -3.8123488806519436e-09 |
| tau 4 | -740.8147839373005 | 0.10243184755680655 | 2.788735002039272 | -0.007858391555510668 | 5.5508965939669376e-06 | 0.0 | -0.006458606262842477 | 8.615650899182241e-06 | -3.8123488806519436e-09 | 0.0 |

## m Tau Data

| Type | Vh | A | b1 | b2 | c1 | c2 | d1 | d2 | e1 | e2 |
| --- | --- | --- | --- | --- | --- | --- | --- | --- | --- | --- |
| tau 1 | -100.00001390384901 | 0.11653387276599271 | -0.00042504382221182857 | 0.00042442255538276586 |
| tau 2 | -116.3514413622199 | 0.06928005655462764 | -0.004045947867576146 | 1.6471882030435125e-05 | -0.15296111685537164 | 0.0006396263205911118 |
| tau 3 | -110.54355892507702 | 0.07865898188736903 | -0.00856189596433733 | 6.065359335039762e-05 | -1.254632125951397e-07 | -0.23059665957277434 | 0.010261954482099517 | -0.00017538248528093067 |
| tau 4 | -110.54355892507702 | 0.07865898188736903 | -0.00856189596433733 | 6.065359335039762e-05 | -1.254632125951397e-07 | 0.0 | -0.23059665957277434 | 0.010261954482099517 | -0.00017538248528093067 | 0.0 |

## s Tau Error Data

| Type | Error 1 | Error 2 | Error 3 |
| --- | --- | --- | --- |
| tau 1 | 0.014302601390751946 | 0.0001910261266274134 | 0.010007249548354786 |
| tau 2 | 0.013863246366059522 | 0.00018688186516852793 | 0.009699841458574445 |
| tau 3 | 0.013390297838173545 | 0.0001669059510733184 | 0.009368928653779206 |
| tau 4 | 0.012066223018911736 | 0.00011487264091309703 | 0.008442499483655417 |

## n2 Tau Error Data

| Type | Error 1 | Error 2 | Error 3 |
| --- | --- | --- | --- |
| tau 1 | 0.9842590705377791 | 1.087309573694335e-07 | 0.00041523496462374807 |
| tau 2 | 0.8607187641785531 | 8.377862413077975e-08 | 0.0003631163138780132 |
| tau 3 | 0.8607183995587399 | 8.377676694643975e-08 | 0.0003631161600537815 |
| tau 4 | 0.8607183995587399 | 8.377676694643975e-08 | 0.0003631161600537815 |

## h Tau Error Data

| Type | Error 1 | Error 2 | Error 3 |
| --- | --- | --- | --- |
| tau 1 | 0.9903349049198142 | 4.87177157552066e-05 | 0.008644340498483316 |
| tau 2 | 0.8416227187286339 | 3.494855788787624e-05 | 0.007346275806100795 |
| tau 3 | 0.3768335705885312 | 5.809355728991012e-06 | 0.0032892687910361634 |
| tau 4 | 0.3768335705885312 | 5.809355728991012e-06 | 0.0032892687910361634 |

## m Tau Error Data

| Type | Error 1 | Error 2 | Error 3 |
| --- | --- | --- | --- |
| tau 1 | 0.9777140364248678 | 0.007405330703687536 | 0.08272388432720001 |
| tau 2 | 0.891839461817837 | 0.006597924232626758 | 0.0754580805115816 |
| tau 3 | 0.8834845358713466 | 0.006494789009673148 | 0.07475117450245126 |
| tau 4 | 0.8834845358713466 | 0.006494789009673148 | 0.07475117450245126 |

