# 124043_hh3.mod

## SUFFIX

hh3

## GMAX_NAME

gnabar_hh3

## G_VALS

- **gkbar2_hh3**: 0.0
- **gkbar_hh3**: 0.0
- **gnabar_hh3**: 0.2

## I_VALS

- **37**: 0.0005049892309911266
- **6.3**: 0.0005049892309911266

## STATES

- m
- n2
- h
- s

## GATES

- **m**: 1
- **n2**: 1
- **h**: 1
- **s**: 1

## ERROR_FLAGS


## RATES

- True

## Q10_TAU

1.0

## Q10_G

1.0

## RATE_VALS

![m Plot](/Users/pbozelos/Dropbox/icg-Chai-Panos/supermodels/output_markdown_files/Na/124043_hh3.mod/images/m.png)
![n2 Plot](/Users/pbozelos/Dropbox/icg-Chai-Panos/supermodels/output_markdown_files/Na/124043_hh3.mod/images/n2.png)
![h Plot](/Users/pbozelos/Dropbox/icg-Chai-Panos/supermodels/output_markdown_files/Na/124043_hh3.mod/images/h.png)
![s Plot](/Users/pbozelos/Dropbox/icg-Chai-Panos/supermodels/output_markdown_files/Na/124043_hh3.mod/images/s.png)

## SM1_FIT

- True

## RATE_VALS_V

## SM2_FIT

- True

## SM3_FIT

- True

## SM4_FIT

- True

## SM5_FIT

- True

## m State Parameters

| Type | a | b | c | d |
| --- | --- | --- | --- | --- |
| Sigmoid | 0.3333319695881195 | -13.333291750180157 |
| Non-Sigmoid | 0.3333317451703207 | -13.33328397952198 | 1.000000289524641 | -3.457561395821437e-07 |

## n2 State Parameters

| Type | a | b | c | d |
| --- | --- | --- | --- | --- |
| Sigmoid | 0.33333191815542007 | -13.333289723001588 |
| Non-Sigmoid | 0.3333336515118065 | -13.33336705147226 | 0.9999977641606144 | -2.144494866837564e-07 |

## h State Parameters

| Type | a | b | c | d |
| --- | --- | --- | --- | --- |
| Sigmoid | -0.3333358790234587 | 15.000118846235079 |
| Non-Sigmoid | -0.3333360451240327 | 15.000126320303659 | 0.999999785559918 | 1.0700725558735325e-07 |

## s State Parameters

| Type | a | b | c | d |
| --- | --- | --- | --- | --- |
| Sigmoid | -0.3333040409505304 | 14.665507354378255 |
| Non-Sigmoid | -0.33333573717931897 | 14.666780001281202 | 0.9999591072796942 | 1.1336010323652919e-07 |

## m State Errors

| Type | Error 1 | Error 2 | Error 3 |
| --- | --- | --- | --- |
| Sigmoid | 1.6409671991817245e-06 | 1.480769402632037e-10 | 1.003199138361209e-06 |
| Non-Sigmoid | 1.584886720685387e-06 | 1.4772707716766613e-10 | 9.68914548313057e-07 |

## n2 State Errors

| Type | Error 1 | Error 2 | Error 3 |
| --- | --- | --- | --- |
| Sigmoid | 4.646226370045062e-06 | 1.53369991159506e-10 | 2.8404526057458664e-06 |
| Non-Sigmoid | 2.7159517398471467e-06 | 1.514783714334936e-10 | 1.6603866411386296e-06 |

## h State Errors

| Type | Error 1 | Error 2 | Error 3 |
| --- | --- | --- | --- |
| Sigmoid | 1.2385103031910405e-06 | 3.940591105237225e-10 | 9.703946508550134e-07 |
| Non-Sigmoid | 1.220783892715588e-06 | 3.946811853515297e-10 | 9.565056958257988e-07 |

## s State Errors

| Type | Error 1 | Error 2 | Error 3 |
| --- | --- | --- | --- |
| Sigmoid | 4.660045996663325e-05 | 1.6589855359903585e-09 | 3.6247504894659786e-05 |
| Non-Sigmoid | 1.2818919765546644e-06 | 1.4698857607404766e-10 | 9.971014390815095e-07 |

## m Tau Data

| Type | Vh | A | b1 | b2 | c1 | c2 | d1 | d2 | e1 | e2 |
| --- | --- | --- | --- | --- | --- | --- | --- | --- | --- | --- |
| tau 1 | -100.00001390384901 | 0.11653387276599271 | -0.00042504382221182857 | 0.00042442255538276586 |
| tau 2 | -116.3514413622199 | 0.06928005655462764 | -0.004045947867576146 | 1.6471882030435125e-05 | -0.15296111685537164 | 0.0006396263205911118 |
| tau 3 | -110.54355892507702 | 0.07865898188736903 | -0.00856189596433733 | 6.065359335039762e-05 | -1.254632125951397e-07 | -0.23059665957277434 | 0.010261954482099517 | -0.00017538248528093067 |
| tau 4 | -110.54355892507702 | 0.07865898188736903 | -0.00856189596433733 | 6.065359335039762e-05 | -1.254632125951397e-07 | 0.0 | -0.23059665957277434 | 0.010261954482099517 | -0.00017538248528093067 | 0.0 |

## n2 Tau Data

| Type | Vh | A | b1 | b2 | c1 | c2 | d1 | d2 | e1 | e2 |
| --- | --- | --- | --- | --- | --- | --- | --- | --- | --- | --- |
| tau 1 | -67.03614606116811 | 20.013874937051913 | 1.5260786104682506e-06 | -1.923928742374168e-06 |
| tau 2 | -385.4315504355117 | 21.543737993330677 | -0.000917777463756119 | -5.430583806943354e-09 | 0.00018278021311645854 | -2.6195200819825734e-06 |
| tau 3 | -385.4515847629736 | 21.54376808382666 | -0.0009177770619588605 | -5.438836652287572e-09 | 1.3630620975043795e-13 | 0.00018277119332535635 | -2.619525329133898e-06 | 3.870024697192811e-13 |
| tau 4 | -385.4515847629736 | 21.54376808382666 | -0.0009177770619588605 | -5.438836652287572e-09 | 1.3630620975043795e-13 | 0.0 | 0.00018277119332535635 | -2.619525329133898e-06 | 3.870024697192811e-13 | 0.0 |

## h Tau Data

| Type | Vh | A | b1 | b2 | c1 | c2 | d1 | d2 | e1 | e2 |
| --- | --- | --- | --- | --- | --- | --- | --- | --- | --- | --- |
| tau 1 | -100.00509343308501 | 1.0124844379340499 | 2.813754215326595e-05 | -2.795773382584509e-05 |
| tau 2 | -119.70366824373609 | 1.0487047995723047 | -0.0009832348633298223 | 1.843615323334582e-05 | 0.000987608237305983 | 4.679925694662955e-06 |
| tau 3 | -740.8147839373005 | 0.10243184755680655 | 2.788735002039272 | -0.007858391555510668 | 5.5508965939669376e-06 | -0.006458606262842477 | 8.615650899182241e-06 | -3.8123488806519436e-09 |
| tau 4 | -740.8147839373005 | 0.10243184755680655 | 2.788735002039272 | -0.007858391555510668 | 5.5508965939669376e-06 | 0.0 | -0.006458606262842477 | 8.615650899182241e-06 | -3.8123488806519436e-09 | 0.0 |

## s Tau Data

| Type | Vh | A | b1 | b2 | c1 | c2 | d1 | d2 | e1 | e2 |
| --- | --- | --- | --- | --- | --- | --- | --- | --- | --- | --- |
| tau 1 | -29.97079023996174 | 50.53193218944728 | -0.973821191460213 | -1.1316007902873493e-05 |
| tau 2 | -29.978199615744362 | 50.50436429762735 | -0.9747879676496467 | 0.007228325225868253 | 7.595161058578592e-07 | -2.7222432385542692e-08 |
| tau 3 | -29.98159108167531 | 50.378872599112334 | -0.9793764201640386 | 0.015591644417885782 | -6.410240324080945e-05 | 0.0002301221185249107 | 5.989301537494181e-06 | 4.685559815654837e-08 |
| tau 4 | -29.98024186963933 | 49.98268767588285 | -0.9938310963108701 | 0.03241149736532508 | -0.0003723381748301968 | 1.4241501256437271e-06 | 0.0013269860607962524 | 5.4901392806834384e-05 | 9.144805414058268e-07 | 5.290624128724884e-09 |

## m Tau Error Data

| Type | Error 1 | Error 2 | Error 3 |
| --- | --- | --- | --- |
| tau 1 | 0.9777140364248678 | 0.007405330703687536 | 0.08272388432720001 |
| tau 2 | 0.891839461817837 | 0.006597924232626758 | 0.0754580805115816 |
| tau 3 | 0.8834845358713466 | 0.006494789009673148 | 0.07475117450245126 |
| tau 4 | 0.8834845358713466 | 0.006494789009673148 | 0.07475117450245126 |

## n2 Tau Error Data

| Type | Error 1 | Error 2 | Error 3 |
| --- | --- | --- | --- |
| tau 1 | 0.9842590705377791 | 1.087309573694335e-07 | 0.00041523496462374807 |
| tau 2 | 0.8607187641785531 | 8.377862413077975e-08 | 0.0003631163138780132 |
| tau 3 | 0.8607183995587399 | 8.377676694643975e-08 | 0.0003631161600537815 |
| tau 4 | 0.8607183995587399 | 8.377676694643975e-08 | 0.0003631161600537815 |

## h Tau Error Data

| Type | Error 1 | Error 2 | Error 3 |
| --- | --- | --- | --- |
| tau 1 | 0.9903349049198142 | 4.87177157552066e-05 | 0.008644340498483316 |
| tau 2 | 0.8416227187286339 | 3.494855788787624e-05 | 0.007346275806100795 |
| tau 3 | 0.3768335705885312 | 5.809355728991012e-06 | 0.0032892687910361634 |
| tau 4 | 0.3768335705885312 | 5.809355728991012e-06 | 0.0032892687910361634 |

## s Tau Error Data

| Type | Error 1 | Error 2 | Error 3 |
| --- | --- | --- | --- |
| tau 1 | 0.014302601390751946 | 0.0001910261266274134 | 0.010007249548354786 |
| tau 2 | 0.013863246366059522 | 0.00018688186516852793 | 0.009699841458574445 |
| tau 3 | 0.013390297838173545 | 0.0001669059510733184 | 0.009368928653779206 |
| tau 4 | 0.012066223018911736 | 0.00011487264091309703 | 0.008442499483655417 |

