# 139150_hh3_icgK2.mod

## SUFFIX

hh3

## GMAX_NAME

gkbar2_hh3

## G_VALS

- **gkbar2_hh3**: 0.12
- **gkbar_hh3**: 0.0
- **gnabar_hh3**: 0.0

## I_VALS

- **37**: 0.13879378926322178
- **6.3**: 0.13879378926322178

## STATES

- n2
- s
- n

## GATES

- **n2**: 1
- **s**: 1
- **n**: 2

## ERROR_FLAGS


## RATES

- True

## Q10_TAU

1.0

## Q10_G

1.0

## RATE_VALS

![n2 Plot](/Users/pbozelos/Dropbox/icg-Chai-Panos/supermodels/output_markdown_files/K/139150_hh3_icgK2.mod/images/n2.png)
![s Plot](/Users/pbozelos/Dropbox/icg-Chai-Panos/supermodels/output_markdown_files/K/139150_hh3_icgK2.mod/images/s.png)
![n Plot](/Users/pbozelos/Dropbox/icg-Chai-Panos/supermodels/output_markdown_files/K/139150_hh3_icgK2.mod/images/n.png)

## SM1_FIT

- True

## RATE_VALS_V

## SM2_FIT

- True

## SM3_FIT

- True

## SM4_FIT

- True

## SM5_FIT

- True

## n2 State Parameters

| Type | a | b | c | d |
| --- | --- | --- | --- | --- |
| Sigmoid | 0.3331824487701223 | -13.326780109248311 |
| Non-Sigmoid | 0.3331803518264896 | -13.326737496410436 | 1.0000027082893048 | -8.231245481928284e-06 |

## s State Parameters

| Type | a | b | c | d |
| --- | --- | --- | --- | --- |
| Sigmoid | -0.3332466072878749 | 14.6628452163358 |
| Non-Sigmoid | -0.33327809885214804 | 14.664135325762219 | 0.9999593706737714 | 4.394559301342948e-06 |

## n State Parameters

| Type | a | b | c | d |
| --- | --- | --- | --- | --- |
| Sigmoid | 0.33318254805886166 | -13.32678410312302 |
| Non-Sigmoid | 0.3331785614845729 | -13.326659320949998 | 1.0000051465706752 | -8.352717621806887e-06 |

## n2 State Errors

| Type | Error 1 | Error 2 | Error 3 |
| --- | --- | --- | --- |
| Sigmoid | 3.533217723500206e-05 | 3.8395816500960324e-10 | 2.160036597777981e-05 |
| Non-Sigmoid | 3.275770985721039e-05 | 3.6219509292739684e-10 | 2.002646247366557e-05 |

## s State Errors

| Type | Error 1 | Error 2 | Error 3 |
| --- | --- | --- | --- |
| Sigmoid | 4.904118523666217e-05 | 1.5921439278856848e-09 | 3.814555100110478e-05 |
| Non-Sigmoid | 2.5849609901142813e-05 | 5.13795483466236e-10 | 2.010652083721577e-05 |

## n State Errors

| Type | Error 1 | Error 2 | Error 3 |
| --- | --- | --- | --- |
| Sigmoid | 3.5100046180039996e-05 | 3.7926826799381815e-10 | 2.1458455664255995e-05 |
| Non-Sigmoid | 3.3230660814304554e-05 | 3.6416289882591406e-10 | 2.031560466103269e-05 |

## n2 Tau Data

| Type | Vh | A | b1 | b2 | c1 | c2 | d1 | d2 | e1 | e2 |
| --- | --- | --- | --- | --- | --- | --- | --- | --- | --- | --- |
| tau 1 | -75.14982596741349 | 19.998988970940715 | 4.122823555794979e-06 | -4.154091198848665e-06 |
| tau 2 | -119.39742537163768 | 20.048298103317006 | -3.2266402621885205e-05 | 3.1326336537228243e-06 | 0.00010318547041855847 | 2.196020478171897e-06 |
| tau 3 | -6.376990248809412 | 20.000414953148727 | 0.003264257033221875 | 1.3321172232256751e-05 | 1.8670768750413303e-08 | 0.003230566801471802 | 2.408167831990083e-06 | -2.6323725271304563e-08 |
| tau 4 | -6.376990248809412 | 20.000414953148727 | 0.003264257033221875 | 1.3321172232256751e-05 | 1.8670768750413303e-08 | 0.0 | 0.003230566801471802 | 2.408167831990083e-06 | -2.6323725271304563e-08 | 0.0 |

## s Tau Data

| Type | Vh | A | b1 | b2 | c1 | c2 | d1 | d2 | e1 | e2 |
| --- | --- | --- | --- | --- | --- | --- | --- | --- | --- | --- |
| tau 1 | -29.960155775687966 | 50.47277643602443 | -0.9746657921342471 | 1.2712448536489173e-05 |
| tau 2 | -29.96579789842721 | 50.413522597397524 | -0.9768351810318215 | 0.007244870689241854 | 7.468587887482633e-05 | 7.119106674103822e-07 |
| tau 3 | -29.967829794472003 | 50.262909197864595 | -0.982194325507517 | 0.01564228429481338 | -6.432522103191379e-05 | 0.00037376653582057843 | 9.048827284279681e-06 | 6.808945825314395e-08 |
| tau 4 | -29.967829879226958 | 50.26290894491427 | -0.9821967799252774 | 0.015642261297502704 | -6.432542315313095e-05 | 2.209318170188557e-12 | 0.0003737665314736134 | 9.048827647731573e-06 | 6.808946129540852e-08 | -1.2036845755439768e-15 |

## n Tau Data

| Type | Vh | A | b1 | b2 | c1 | c2 | d1 | d2 | e1 | e2 |
| --- | --- | --- | --- | --- | --- | --- | --- | --- | --- | --- |
| tau 1 | 246.47167604703807 | 1.0077287781172586 | -0.03402039326901473 | -1.446134754647225e-05 |
| tau 2 | -217.7325886842586 | 2.9902626385502087 | -0.0064240181810363076 | 9.560956512028074e-06 | 0.006401319591835988 | -4.8758977414105235e-05 |
| tau 3 | -217.73012324727273 | 2.9902659518448655 | -0.006423989972679226 | 9.561195393590622e-06 | -1.1980415723371965e-12 | 0.006401384668402892 | -4.875844337847048e-05 | -9.249359564114533e-13 |
| tau 4 | -217.730123667314 | 2.9902659514476335 | -0.006423989970700163 | 9.561195426072532e-06 | -1.1972202269323401e-12 | -1.339548661508745e-16 | 0.0064013846836738515 | -4.8758443209293766e-05 | -9.099887262896658e-13 | -1.0726667491804857e-15 |

## n2 Tau Error Data

| Type | Error 1 | Error 2 | Error 3 |
| --- | --- | --- | --- |
| tau 1 | 0.9315399452036461 | 3.021857592140738e-07 | 0.0004582099326850327 |
| tau 2 | 0.5579766288929718 | 6.23526544997649e-08 | 0.00027445997874946457 |
| tau 3 | 0.5506229910971785 | 5.527086699600734e-08 | 0.000270842839305526 |
| tau 4 | 0.5506229910971785 | 5.527086699600734e-08 | 0.000270842839305526 |

## s Tau Error Data

| Type | Error 1 | Error 2 | Error 3 |
| --- | --- | --- | --- |
| tau 1 | 0.014237568700737738 | 0.0001891942553767789 | 0.009961521778191994 |
| tau 2 | 0.013791618556230532 | 0.00018514474879700703 | 0.00964950628103297 |
| tau 3 | 0.013297961698720603 | 0.00016515361732859715 | 0.009304112089060844 |
| tau 4 | 0.013297960890395732 | 0.00016511265570091183 | 0.009304111523504605 |

## n Tau Error Data

| Type | Error 1 | Error 2 | Error 3 |
| --- | --- | --- | --- |
| tau 1 | 0.9874666370888618 | 2.131815245251199e-05 | 0.004659466856061415 |
| tau 2 | 0.8606633200959202 | 1.6543657810801456e-05 | 0.004061131853565435 |
| tau 3 | 0.86066325754412 | 1.6543617450747538e-05 | 0.004061131558408082 |
| tau 4 | 0.8606632570986469 | 1.654360342399433e-05 | 0.004061131556306069 |

